000100199000005288220220706
000100231000009486020220706
000100537000006612720220706
000100802000007519120220706
000100806000004919620220706
000200015000006099120220706
000200335000006294420220706
000200347000005396920220706
000200776000006564820220706
000200959000000644520220706
000300126000005485420220706
000300129000008211420220706
000300665000001417520220706
000300802000007315220220706
000400800000006955820220706
000500247000005378120220706
000500449000004775220220706
000500606000000715520220706
000500838000004303120220706
000500905000009750020220706
